205
199
617
752
325
431
584
838
711
202
771
515
664
13
216
778
243
534
204
487
110
625
866
4
746
394
674
772
822
533
863
505
292
991
608
649
690
768
209
255
364
929
9
347
127
818
614
130
783
900
817
241
308
38
133
504
665
634
328
819
196
661
494
566
838
223
867
596
391
212
649
999
855
557
617
654
77
453
574
342
995
362
928
815
510
251
966
279
233
475
232
82
279
358
420
864
115
444
676
489
647
247
98
66
622
51
810
223
157
385
624
671
989
385
216
441
207
819
292
116
962
166
986
559
204
537
804
580
284
854
915
58
518
673
648
340
777
50
117
190
168
391
35
814
513
928
250
631
483
500
394
726
890
75
961
455
19
514
417
287
391
125
556
111
229
446
421
319
529
158
995
465
82
486
976
600
964
68
125
998
37
495
149
695
210
936
910
36
865
423
796
486
349
654
698
58
11
707
301
560
124
615
525
407
466
434
486
153
916
896
944
767
214
59
240
435
689
481
61
961
386
60
996
770
173
965
548
706
372
149
645
686
23
737
331
176
906
172
66
17
753
105
894
509
652
186
380
723
946
742
173
111
614
97
387
233
163
378
466
607
491
577
793
925
480
389
988
591
796
888
150
92
451
526
762
962
777
250
690
597
98
156
961
383
878
992
548
611
793
410
599
614
482
315
20
88
170
301
831
295
805
433
373
980
29
307
371
733
816
59
672
818
241
416
532
972
308
475
95
638
983
103
338
807
462
275
642
982
625
227
484
638
416
788
456
902
811
516
234
719
679
509
364
461
903
933
181
425
162
808
1
225
123
122
577
706
324
832
733
176
941
637
884
795
926
814
562
645
811
838
886
339
99
230
64
85
470
213
497
343
844
983
923
269
627
94
88
909
840
367
503
819
752
599
527
619
605
444
286
609
531
458
412
55
576
706
567
154
749
857
977
534
651
427
102
560
586
428
911
469
567
436
63
937
354
767
131
335
771
180
946
456
241
183
943
540
711
634
683
112
818
998
876
54
732
905
75
107
898
188
911
102
621
644
906
217
32
672
318
1000
229
109
696
227
641
725
704
239
599
347
873
142
935
371
897
179
671
459
932
131
372
856
890
879
644
197
301
765
755
525
93
794
312
822
944
995
218
783
308
260
884
716
12
43
90
958
730
908
174
595
354
584
796
229
330
680
827
377
764
996
66
208
85
891
637
769
169
41
42
754
740
871
574
963
681
97
230
316
753
47
258
162
776
638
632
799
359
268
223
258
971
304
55
334
176
483
163
301
916
448
292
716
32
269
932
159
316
980
360
692
194
571
1000
191
12
51
335
339
512
655
506
154
359
228
736
47
921
586
277
466
153
973
579
730
995
227
964
96
222
119
663
698
626
550
336
983
149
150
538
1000
409
845
377
544
306
510
512
686
589
534
963
172
55
922
482
888
155
37
79
981
634
355
487
647
207
19
336
310
26
95
22
271
814
332
499
796
466
364
771
638
709
664
827
77
178
631
81
608
756
828
343
937
316
381
804
58
304
413
217
38
839
743
620
61
652
882
159
131
936
986
625
429
993
59
723
835
57
298
571
108
390
91
80
131
601
39
916
594
10
288
886
523
807
642
914
114
635
418
573
215
422
785
161
977
821
979
802
625
960
508
310
260
525
491
241
426
380
230
376
838
556
193
443
599
533
414
109
85
869
738
408
243
682
21
67
357
222
674
780
171
137
521
672
357
865
677
718
603
442
730
567
311
236
509
88
847
737
904
569
646
259
257
795
546
878
243
817
798
463
424
200
832
723
386
647
375
550
326
514
776
877
98
267
691
701
373
218
626
373
421
979
12
51
152
516
979
769
487
30
937
387
624
136
364
507
701
151
863
379
257
148
732
715
331
887
432
62
476
240
625
766
834
982
442
515
438
752
934
953
859
242
567
265
849
788
505
994
856
850
706
526
664
481
875
895
15
603
801
542
83
361
222
272
328
266
386
989
504
221
995
748
103
183
473
571
896
431
362
164
327
976
833
800
694
381
52
828
504
542
129
256
704
517
722
653
991
675
342
514
676
621
415
366
923
574
26
955
700
116
308
50
652
839
208
468
53
71
774
374
329
300
882
738
264
456
538
458
1000
320
713
205
854
277
655
317
437
756
773
66
454
463
131
544
373
637
446
377
325
154
87
236
451
782
905
798
701
919
157
400
187
287
323
523
942
768
646
887
911
668
982
961
787
238
77
513
984
214
62
639
376
895
665
647
418
695
991
710
212
426
825
585
980
791
242
581
89
54
841
787
880